00100100000010000000000000000100
00100100000010010000000000000001
00100100000010110000000000000000
00010001001000000000000000010000
00100100000010010000000000000000
00100000000000010000000000000001
00000001000000010100000000100010
00100100000010100000000000000000
00010001010010001111111111111010
00000000000010100110000010000000
00000001100010110110000000100000
10001101100100000000000000000000
10001101100100010000000000000100
00000010001100000110100000100010
00011101101000000000000000000011
10101101100100010000000000000000
10101101100100000000000000000100
00100100000010010000000000000001
00100001010010100000000000000001
00001000000100000000000000001000
